nFrontLayersEcal: 21
alpha: -0.23
SFs: 0.016125,0.0086107,0.016298,0.0090256,9.4799,8.4109
Emeas: 1.91723,5.13903,7.89601,10.71840,13.89804,17.69401,21.87392,26.66786,31.32927,36.66657,42.86785,50.70186,61.11964,77.40462,108.94184
Ecorr: 2.49794,5.31602,7.98097,10.69372,13.54879,17.42972,21.09142,25.31841,29.39235,34.42888,41.49327,49.21999,60.58790,77.49719,109.38634
