nFrontLayersEcal: 21
alpha: 0.036
SFs: 0.017110,0.0079520,0.017382,0.0084870
Emeas: 1.,2.
Ecorr: 1.,2.
