# sidloi3
# 100615 ngraf

ECalLayering = 0, 1, 21

# does the first EM sensitive layer sample a shower? (0=no, 1=yes)
IsFirstEmLayerSampling = 0.

# determined from single muons
# values are RAW energy
ECalMip_MPV = 1.06E-4
ECalMip_sig = 1.29E-5

# Cut at values less than 0.5 MPV
ECalMip_Cut = 6.5E-5

HCalLayering = 0

# determined from single muons
# values are RAW energy
HCalMip_MPV = 4.8E-4
HCalMip_sig = 3.2E-5

# Cut at values less than MPV-3*sigma
HCalMip_Cut = 3.8E-4

MuonLayering = 0

# determined from single muons
# values are RAW energy
MuonMip_MPV = 8.5E-4
MuonMip_sig = 8.1E-5

# Cut at values less than MPV-3*sigma
MuonMip_Cut = 0.

# cut at times greater than this
timeCut = 150.


# sampling fractions..

EMBarrel_SF = 1., 0.017611974883054552, 0.008840846568581522, 0.020511001699697266, 1.

EMEndcap_SF = 1., 0.017912754431795616, 0.00862633199672249, 0.022905918462947886, 1.

HadBarrel_SF = 1., 0.016726357046379318, 0.009910770142350185, 0.025078731784361458, 1.

HadEndcap_SF = 1., 0.01703846258701722, 0.010317585344762705, 0.02291488734147502, 1.


PhotonFitParameters = gamma_em1b_0, gamma_em1b_1, gamma_em1e_0, gamma_em1e_1, gamma_em2b_0, gamma_em2b_1, gamma_em2e_0, gamma_em2e_1, gamma_hadb_0, gamma_hadb_1, gamma_hade_0, gamma_hade_1

gamma_em1b_0 = 0.0190497
gamma_em1b_1 = 0.00120177
gamma_em1e_0 = 0.0189073
gamma_em1e_1 = -0.00201487
gamma_em2b_0 = 0.00778524
gamma_em2b_1 = -0.00110072
gamma_em2e_0 = 0.00753019
gamma_em2e_1 = 0.000822489
gamma_hadb_0 = 0.0414947
gamma_hadb_1 = 0.00347415
gamma_hade_0 = 0.0705389
gamma_hade_1 = -0.0419223

NeutralHadronFitParameters = neutralHadron_em1b_0, neutralHadron_em1b_1, neutralHadron_em1e_0, neutralHadron_em1e_1, neutralHadron_em2b_0, neutralHadron_em2b_1, neutralHadron_em2e_0, neutralHadron_em2e_1, neutralHadron_hadb_0, neutralHadron_hadb_1, neutralHadron_hade_0, neutralHadron_hade_1

neutralHadron_em1b_0 = 0.0173349
neutralHadron_em1b_1 = 0.00153095
neutralHadron_em1e_0 = 0.0269877
neutralHadron_em1e_1 = -0.0126375
neutralHadron_em2b_0 = 0.00894534
neutralHadron_em2b_1 = -0.000188045
neutralHadron_em2e_0 = 0.0163708
neutralHadron_em2e_1 = -0.00854284
neutralHadron_hadb_0 = 0.038105
neutralHadron_hadb_1 = 0.000840245
neutralHadron_hade_0 = 0.0691185
neutralHadron_hade_1 = -0.0391286


# These are the simulation output list of SimCalorimeterHits
BaseHitCollectionNames = EcalBarrelHits, EcalEndcapHits, LumiCalHits, HcalBarrelHits, HcalEndcapHits

EMCalorimeterCollections = EcalBarrelHits, EcalEndcapHits, LumiCalHits
HadCalorimeterCollections = HcalBarrelHits, HcalEndcapHits
HadCalorimeterMaxLayer = 39

# This collection has had the time and mip cuts applied
ProcessedHitsCollectionName = ProcessedCalHits
